8.200365639159035 1.562745338066673
8.68296347655243 1.5731521842620513
9.219183295878423 1.6087545528251894
9.705437177494495 1.6366887189285784
10.173410837997181 1.6729397136396216
10.684891424749726 1.7171226854439112
11.155668052489798 1.74931904603479
11.651671385366342 1.8053171034711468
12.15986153231848 1.8279069104249484
12.628749203876836 1.902309774846941
13.109214348807 1.979749490877989
13.595468230423073 2.0073185044832886
14.081722112039145 2.084730834076984
14.56675731224766 2.1686486437023227
15.100539768758537 2.2612258895929394
15.579847166351524 2.3532000794803967
16.091327753104068 2.493740069035523
16.52525002133672 2.6573006908512102
16.984996203739506 2.841649829623451
17.541071155536347 3.076119866373581
18.00648558508316 3.315112176369208
18.321971734465016 3.503142890851061
18.74101195122807 3.803321066306795
19.060035661917983 4.050940104069644
19.42720696028114 4.333157341025901
19.67171217172868 4.553207365183445
19.88203627131658 4.823032239235994
20.055698371893747 5.112027619437924
20.148318158868236 5.3765806042993916
20.217782999099107 5.618128981781602
20.275670365958163 6.207622045875091
20.118547513055013 6.459440337365899
