-10  4.214492753623189
-10  4.979710144927536
-10  -0.9507246376811604
-9.999422501328246  -1.9871942178011288
-9.999422501328246  -2.700337046558129
-9.999422501328246  -3.4134798753151294
-9.999422501328246  -4.12662270407213
-9.999422501328246  -4.839765532829134
-9.999422501328246  -5.552908361586134
-9.999422501328246  -6.266051190343134
-9.999422501328246  -7.286842301785413
-9.698408193661153  -1.2031081482229293
-8.980604844608857  4.82668953330505
-8.980604844608857  -1.5823131279261844
-8.418454193110911  -1.7735748674381036
-8.355421282531049  4.944749186723566
-8.332266335787427  -1.058495573692733
-8.309111389043805  3.995533357816134
-8.309111389043805  3.2285401368043587
-8.309111389043805  0.2551180871980634
-8.309111389043805  -0.4337761536731417
-8.26700898587933  1.7275362318840575
-8.26700898587933  1.4086956521739111
-3.6495642726688384  7.7016690524584455
-3.6086572000884374  -7.739013938313761
-2.937163744523385  7.076138734955708
-2.890853851036141  -7.079672207459865
-2.2193603954710888  6.639756174653367
-2.1838561437975343  -6.651953479130189
-1.5015570464187906  6.295899134675873
-1.4552471529315465  -6.323302979353127
-0.7837536973664943  6.129053890833834
-0.7374438038792483  -6.177607132617826
-0.0659503483141961  6.029490939541885
-0.01964045482695198  -6.07785866029862
0.6124038322119283  6.097817646763911
0.6981628942253462  -6.155653811059661
1.3696563497903984  6.224683796348041
1.4159662432776425  -6.273830705419236
2.09672167754014  6.538517762350852
2.1337695923299407  -6.566521046080606
2.8069169726623926  6.911426099493609
2.851572941382237  -6.947729652878184
3.524513581118768  7.469978765433085
3.569376290434535  -7.570365017817881
3.9745878584479293  7.894147324366951
4.020897751935173  -7.999160798777993
7.5224646983311985  1.7275362318840575
7.5224646983311985  1.4724637681159418
8.211943112530843  1.5635669311873617
14.857412827950501  7.677000262569168
15.494173863400118  7.004559422041078
16.211977212452414  6.509371996700602
16.929780561504714  6.213663847329267
17.64758391055701  6.060163749380896
18.365387259609307  6.069996363825256
19.083190608661603  6.187637308550547
19.799450294597662  6.442147378970298
20.518797306766196  6.93406202064093
21.178713288959443  7.632359316353952
21.491305069998347  8.010608149224446
21.827051797780868  -7.729508231060475
22.46381283323049  -7.03776919143786
23.181616182282788  -6.530933990364165
23.891701215753876  -6.244005108271349
24.61722288038738  -6.098389653981187
25.3581811761833  -6.082249324610256
26.09913947197922  -6.231841112917849
26.84009776777514  -6.531148370217874
27.557901116827438  -7.003212808095039
28.021000051699886  -0.047322898844576855
28.20623962564887  -7.694762190749408
28.33359183273879  1.1710590337099784
28.356746779482414  -1.143712487056348
28.50725393331596  -8.058110105187339
28.924042974701166  1.7372517169007615
28.94719792144479  -1.6810103144242916
29.641846323753462  2.0025715220082
29.665001270497086  -1.9444501731222488
30.35964967280576  1.9793195532592769
30.382804619549383  -1.915879934925428
31.077453021858055  1.6565218001752822
31.10060796860168  -1.5834262540896944
31.621594270333183  1.0874497238933412
31.644749217076807  -0.9913822758714907
31.88787615788484  -0.3864274612413663
31.911031104628464  0.2872091341314871
39.95351594024668  1.7185057005304003
39.96316383472319  6.588348298001813
39.965644721874284  0.26457094482913135
39.96895257140909  7.432617388820585
39.96895257140909  5.07061932615526
39.96895257140909  4.357476497398258
39.96895257140909  3.6443336686412575
39.96895257140909  2.9311908398842554
39.96895257140909  2.2604531707296864
39.96895257140909  -0.9417422595856948
39.96895257140909  -1.6689940352384731
39.96895257140909  -2.4087948366466705
39.96895257140909  -3.150231480742267
39.96895257140909  -3.8496588301875683
39.96895257140909  -4.5865924553488
39.96895257140909  -5.319228030950953
39.96895257140909  -6.041778933033182
39.96895257140909  -6.739946102355852
39.96895257140909  -7.698087999701951
39.974741308095  1.2057465292870067
39.976670886990306  5.858654932269179
39.976670886990306  -0.2521356079077499
