7.961504083277454 1.5089814373620154
8.559267313685183 1.5762784514187196
9.161295929019367 1.6102839800190853
9.763324544353551 1.6386352626298955
10.365353159687736 1.6777051754921448
10.955804301650108 1.7264395514325042
11.569410390356104 1.7978925569011306
12.171439005690292 1.8611149872513053
12.773467621024476 1.9602440275332462
13.37549623635866 2.0688277405691053
13.977524851692845 2.2609169144022534
14.57955346702703 2.340267361101155
15.181582082361214 2.5091890133635975
15.783610697695398 2.696248913751985
16.385639313029586 2.9399723105982147
16.98766792836377 3.2138483664872375
17.589696543697954 3.5099926601636664
18.19172515903214 3.9211480530585625
18.701133987391835 4.389476027980306
19.178967888373865 4.885367505173027
19.416265611819874 5.3533464682217815
19.494190913360903 5.966123306310589
