8.07452543599025 0.8117778106651237
8.561535822875705 0.786466126948806
9.048546209761163 0.7897676509118021
9.535556596646618 0.8051747627391279
10.022566983532073 0.8519411117007074
10.509577370417531 0.8838610838572478
10.996587757302986 0.9233693206144551
11.483598144188441 0.9549006212991671
11.970608531073896 0.9852560617537627
12.457618917959355 1.0316593066007957
12.94462930484481 1.0731694197927126
13.431639691730265 1.126234866855123
13.91865007861572 1.1802750495637468
14.405660465501178 1.2476392396944789
14.892670852386633 1.3262652948989917
15.368085753870055 1.4082514693371593
15.866691626157547 1.5098103753133358
16.353702013043 1.6226058934063126
16.840712399928456 1.738843119217874
17.32772278681391 1.8552262060087408
17.81473317369937 1.9886754640892974
18.301743560584825 2.116537539986581
18.78875394747028 2.27378738744628
19.27576433435574 2.4057090356296698
19.76277472124119 2.447132680336841
20.24978510812665 2.563236273035608
20.736795495012107 2.624296124551279
21.223805881897558 2.81589456520393
21.711975817323218 2.9415358937958036
22.197826655668475 3.043424591653883
22.684837042553927 3.1790438593339285
23.171847429439385 3.2191390336845593
23.658857816324844 3.261508591209701
24.145868203210295 3.331024012430607
24.632878590095753 3.378565957497777
25.025016823691832 3.404274491064193
25.606899363866663 3.4143874924963082
26.093909750752122 3.3673407760235836
26.580920137637573 3.334692372389492
27.06793052452303 3.314149556619725
27.55494091140849 3.2567397232631503
28.04195129829394 3.168735767849455
28.5289616851794 3.0514766417636405
29.01597207206486 2.871850155862525
29.428440052794375 2.5340728113624547
29.55322956235913 2.186587414256909
