8.039738979784147 0.7914574151173941
8.64270422068995 0.786466126948806
9.245669461595753 0.7900216142935736
9.848634702501553 0.8318959432242661
10.451599943407356 0.8837087058281892
11.054565184313159 0.9526555312554592
11.657530425218962 1.0062947138466107
12.260495666124765 1.018017240276766
12.863460907030568 1.0693051452250337
13.466426147936371 1.1339345931622375
14.06939138884217 1.2316279570442568
14.672356629747973 1.3056625155529762
15.275321870653777 1.4746328188900044
15.866691626157547 1.5472693089820844
16.527634294073522 1.7219229280101036
17.20017244739153 1.890000511580915
17.803137688297333 2.0348866208801812
18.42349615730619 2.2530305840122455
19.016630443197226 2.4715352487590003
19.61203341101474 2.6790075969765557
20.214998651920542 2.944498799916442
20.817963892826345 3.2224515242481324
21.420929133732148 3.487768800750807
22.02389437463795 3.7384243094723484
22.626859615543754 3.946405504610624
23.229824856449557 4.135587060413442
23.831398639107118 4.298935360976532
24.501557632398754 4.370149253731345
24.890965732087228 4.370149253731345
25.747663551401867 4.447761194029852
27.14953271028038 4.370149253731345
28.395638629283493 4.21492537313433
29.408099688473524 3.982089552238806
31.666666666666668 3.128358208955225
33.06853582554517 2.895522388059703
34.85981308411216 2.97313432835821
