-9.991240820379758 -2.4956460979335056
-9.991240820379758 -3.1001367937586544
-9.991240820379758 -3.704034438057125
-9.991240820379758 -4.308175528061955
-9.991240820379758 -4.906380886716992
-9.991240820379758 -5.507106725049145
-9.991240820379758 -6.113951285181251
-9.991240820379758 -6.705923980552761
-9.991240820379758 -7.525683872364347
-9.968049849575689 4.9437503977185
-9.859153117104407 3.8999847526645315
-9.794117568545168 -1.8417459867115475
-9.685893038126178 3.6433925053463927
-9.191152327639365 -2.1430649726030104
-9.052006502814951 4.0029758478996875
-8.554173662887596 -2.3954876431893624
-8.495423203517287 4.250014879585537
-8.321490922486767 3.527853534384633
-8.321490922486767 2.935758226860557
-8.321490922486767 2.334880865594906
-8.321490922486767 1.474008492243156
-8.321490922486767 -0.48693166557955614
-8.321490922486767 -1.0909520776579829
-8.286604361370717 1.1104477611940293
-8.275108980878628 -2.414361355177835
-8.255783171875237 -1.5034158683872825
-8.199738325765402 0.6766915133598737
-3.7876561302912126 7.812623148378958
-3.7412741886830734 -7.6230486337107735
-3.1846908893854096 7.294901124779688
-3.149904433179305 -7.085946363195831
-2.5817256484796065 6.842399328692159
-2.558534677675537 -6.681562671420892
-1.9787604075738052 6.523641775514644
-1.9606714503466307 -6.408685910635338
-1.3757951666680022 6.29023038041522
-1.3526041958639325 -6.128031908641393
-0.7728299257621991 6.166828515032867
-0.7496389549581295 -6.009837350766055
-0.16986468485639605 6.085359178522861
-0.14667371405232643 -5.930188085158733
0.4331005560494052 6.107210611162573
0.45629152685347485 -5.9557748958719685
1.0360657969552083 6.189769873852672
1.059256767759278 -6.0400695750041535
1.6390310378610113 6.340581795393215
1.662222008665081 -6.1973998900101
2.2419962787668144 6.61390988502219
2.2651872495708822 -6.482283313509569
2.8449615196726157 6.954956252219135
2.8681524904766853 -6.81249920065482
3.4479267605784187 7.473152660007587
3.480136442250739 -7.3322419169390365
3.8885552058557344 7.879194252956867
3.9349371474638737 -7.757041253104159
7.445482866043616 1.0328358208955244
7.445482866043616 0.722388059701494
8.146417445482864 0.8000000000000007
14.811502454572391 7.728649441892354
15.368085753870055 7.123956024286953
15.971050994775858 6.66992644704823
16.57401623568166 6.3846656057452975
17.17698147658746 6.167696223253911
17.779946717493264 6.096099713210178
18.382911958399067 6.101919707375718
18.98587719930487 6.217473046080652
19.588842440210673 6.414485139488017
20.191807681116476 6.736447216725772
20.783177436620246 7.20159130897112
21.319882760942992 7.766283880260409
21.745602724989123 -7.611110142207863
22.302186024286787 -6.972019949828525
22.90515126519259 -6.509299726426015
23.508116506098393 -6.219399467955846
24.11108174700419 -6.0127134860645945
24.721347849089053 -5.973734339686068
25.317012228815795 -5.927779665754951
25.919977469721598 -6.038473485695118
26.5229427106274 -6.2148281270840044
27.125907951533204 -6.55057300868652
27.718205345869134 -7.009324294924031
27.949187415077663 -0.10563844378877896
28.120800599027785 -7.442895926941258
28.146310666912253 0.9020194656537388
28.192010521143803 -0.9260050008744045
28.565680722285844 1.4903785485596934
28.699887729253835 -1.4314771390398846
29.130071648420877 1.8895537053379172
29.30585920711572 -1.8159918823071557
29.723296681588973 2.0492937518917813
29.832294244368097 -1.9646901230575402
30.32626192249477 2.0235090613769255
30.511789688927326 -1.7955954482088252
30.929227163400572 1.7992547777587866
31.116043317100026 -1.5188303292859082
31.46261949189417 1.3333800790392516
31.601765316718588 -1.0042968803996182
31.76410211234707 0.8444335894984345
31.81048405395521 -0.6157056656833753
39.892537379173376 -3.1094591310798165
39.93891932078151 -7.529577507248916
39.94223231661067 -6.616808321507371
39.95051480618355 0.5069370980816341
39.95051480618355 -0.0921244250043678
39.95051480618355 -0.6959181324373365
39.95051480618355 -1.2959334291126456
39.95051480618355 -3.0004735676089638
39.95051480618355 -4.804685868003595
39.95051480618355 -5.407578005431283
39.95051480618355 -6.00807018890125
39.95051480618355 7.719666449244779
39.95051480618355 7.118789087979128
39.95051480618355 6.517911726713477
39.95578548136628 -2.1708104720612837
39.95578548136628 -3.9753819125917467
39.962110291585574 5.917034365447826
39.962110291585574 5.318745398969165
39.962110291585574 4.715279642916524
39.962110291585574 4.114402281650873
39.962110291585574 3.513524920385221
39.962110291585574 2.91264755911957
39.962110291585574 2.311770197853919
39.962110291585574 1.7108928365882683
39.962110291585574 1.1100154753226175
