8.306435144030942 0.7913083620945329
8.7934455309164 0.786466126948806
9.280455917801856 0.8007727307884629
9.76746630468731 0.816677691467353
10.254476691572766 0.8600167441244864
10.741487078458224 0.9031933408405806
11.228497465343679 0.945620544022221
11.715507852229134 1.0125211715794897
12.202518239114593 1.0128218018015271
12.689528626000047 1.045048820450729
13.16494352748347 1.1085517996990237
13.663549399770957 1.179714314541469
14.150559786656416 1.2352899679186002
14.63757017354187 1.2779608550117914
15.101389589623263 1.4136639709194725
15.577486578483267 1.5355689670002732
16.175309929934784 1.6611160137615268
16.655184633495903 1.7230901334515707
17.142195020381358 1.8259797695270041
17.629205407266813 1.9897799024626348
18.11621579415227 2.150839246457558
18.60670482665834 2.336806754573322
19.10366291944133 2.5034468324951735
19.57724695480864 2.6545417524122996
20.06425734169409 2.8490748810320614
20.564375668599236 3.086554137666159
21.03827811546501 3.3534224069462404
21.52528850235046 3.4962599729705275
22.012298889235918 3.682602687856944
22.499309276121377 3.9021876580292734
22.986319663006828 4.041310209470055
23.473330049892287 4.21254925235089
23.960340436777738 4.340895749045506
24.447350823663196 4.419619556942262
24.934361210548655 4.493894119397707
25.421371597434106 4.563959794612446
25.91204371655179 4.616755217283897
26.395392371205023 4.643746623718233
26.882402758090475 4.732612643722264
27.369413144975933 4.716443037074912
27.85642353186139 4.6644807182572805
28.343433918746843 4.586119745730754
28.8304443056323 4.460695461769781
29.31745469251776 4.3631170868633955
29.80446507940321 4.25249247622024
30.297273208989683 4.116135581731447
30.77848585317412 3.9795900531617843
31.26549624005958 3.846428586654195
31.75250662694504 3.754482488006296
32.23951701383049 3.6333602356239822
32.72652740071595 3.583407177602014
33.21353778760141 3.5663493037931904
33.700548174486855 3.600376319976771
34.18755856137231 3.532453657773077
34.67688804533819 3.5314356878844855
34.94126511250457 3.5193025873204675
