8.48307726341685 -1.6020790310053012
9.085104766778477 -1.6119496672639801
9.687132270140102 -1.6533764285314678
10.297958637012401 -1.6758126838576306
10.891187276863354 -1.6915877552601355
11.49321478022498 -1.701604734391326
12.07103488397591 -1.7354021539051931
12.69244584862001 -1.7588501591592394
13.29976038838936 -1.7981760986446513
13.901324793671483 -1.8255143426790266
14.503352297033109 -1.8468259436920835
15.105379800394735 -1.8495563924233824
15.70740730375636 -1.860943944643891
16.309434807117988 -1.9334183435977597
16.883676425709076 -1.9628956527884522
17.563323194136217 -2.03600663625466
18.17710936177756 -2.0957633901359554
18.791177415206413 -2.1710434426688057
19.40061448784018 -2.217996546460677
19.981500557137267 -2.310010705601231
20.593092042575705 -2.447588759618016
21.145336502390116 -2.5373337809226815
21.807798305127662 -2.7257649962413435
22.399174552660583 -2.9275277948498317
23.00120205602221 -3.10513194771338
23.603229559383834 -3.31166895800572
24.20525706274546 -3.5299082983848376
24.807284566107086 -3.775913637760569
25.40931206946871 -3.9203774224697536
25.98175275108393 -4.201271801576572
26.58705468531077 -4.605138537201983
27.289821056617527 -5.205598358390342
27.480559875583204 -5.439175257731959
27.66691520707481 -5.725537328068269
27.791601866251945 -6.222680412371135
27.791601866251945 -6.536082474226804
27.791601866251945 -6.771134020618556
27.71384136858476 -7.006185567010311