8.494654715404574  -1.6200388384224969
9.046162428274316  -1.6257155339470533
9.664480733642383  -1.645422048205221
10.277582321514005  -1.6644922735144743
11.261665740470507  -1.7101086582036924
11.940324949846113  -1.7240916729651499
12.631664225684466  -1.7554477807518918
13.273826895936866  -1.7880328448131149
13.855014985720588  -1.8281614678574893
14.457042489082214  -1.845928613123112
15.05906999244384  -1.8640995571447707
15.669896359316136  -1.8778556347670925
16.26312499916709  -1.9284830254684184
16.92072427206979  -1.9914756314101734
17.436789194422566  -2.0249647560196333
18.08978964611903  -2.0859645403227933
18.740090384961633  -2.172533326266132
19.679480070500993  -2.2892619333580893
20.291574923417166  -2.41986254551591
20.870950890281073  -2.5284382438822828
21.4729783936427  -2.6695883423813864
22.076395191242845  -2.8488749900617503
22.683162639653567  -3.0807170575365372
23.264010216143532  -3.2939060857428064
23.910372550352264  -3.647742003540875
24.506270814426273  -3.9632997346855223
25.090932139806313  -4.328682772030769
25.60612875326001  -4.846103518778628
25.941874860903994  -5.404741649661217
26.27762096854798  -6.203814521329692
