-10.00611356097769 4.924193001081385
-9.97138120501452 4.259957243438546
-9.97138120501452 3.767681693301176
-9.97138120501452 3.280072262122456
-9.97138120501452 2.7918795660739057
-9.97138120501452 2.3001872808063677
-9.97138120501452 1.8102447901483227
-9.97138120501452 -4.862305320718379
-9.97138120501452 -5.352247811376424
-9.97138120501452 -5.842190302034469
-9.97138120501452 -6.332132792692514
-9.97138120501452 -6.822075283350559
-9.97138120501452 -7.300352476611982
-9.766144556141239 1.0716193686259672
-9.751409617247772 -4.328479092234955
-9.268243954293442 -4.6287401439549445
-9.265156633763382 1.3278014192452456
-8.778903650278991 1.6158231668713192
-8.761196959003652 -4.928179941311059
-8.362115378720944 1.7822480763964332
-8.324810255649389 -5.076428335154118
-8.246340858843709 0.21743175419267935
-8.246340858843709 -0.2708442654087069
-8.246340858843709 -0.7646751885322907
-8.246340858843709 -3.8590897446090526
-8.241709878048619 -3.4677579012771016
-8.241195324626942 0.9269759190348275
-8.234763406855985 -2.8887869718687558
-8.227045105530834 -4.207104450274885
-8.22318595486826 -1.7748899430795912
-8.192906465054214 -1.4688005156640056
-3.7160838960474756 -7.845705129903974
-3.3114519490765364 7.349802891368297
-3.221726696171679 -7.383453833304097
-2.798845028830618 6.865002341010078
-2.7354737126872877 -6.959281400348901
-2.2492207292028983 -6.694312502339956
-2.226065825227451 6.603015549102528
-1.8671648136080208 6.453033154003126
-1.762967745718509 -6.462117535111995
-1.2767147622341195 -6.267695911834993
-1.2489288774635803 6.180065194922216
-0.7904617787497283 -6.194926675694171
-0.5820676429707046 6.094186386469001
-0.30420879526533895 -6.111603122861171
-0.20001172737582706 6.038915096423112
0.17741320742396027 -6.075496249966873
0.45758754552687186 6.056413042518042
0.6682971717034416 -6.148265486107691
0.9461560194088072 6.108629135626723
1.154550155187831 -6.224367664361834
1.4324090028931966 6.195285630573045
1.6408031386722204 -6.334910244453615
1.918661986377586 6.373598033635664
2.1270561221566116 -6.5804369801348574
2.404914969861977 6.606903981568067
2.6133091056410027 -6.799855669261758
2.8998510423371595 6.813569538025252
3.0879846371376676 -7.135968994131277
3.3774209368307577 7.302377902547515
3.5626601686343324 -7.578319848862874
3.8520964683274226 7.75488034346593
3.9125564953744227 -7.914465577336271
7.573872472783828 -1.521649484536086
7.573872472783828 -1.7567010309278341
8.040435458786936 -1.6783505154639204
14.863907230365074 7.675389674063248
15.285988051403224 7.1651995600667835
15.765294563694978 6.7602193187807895
16.28696092973005 6.453033154003126
16.737800530663755 6.263055453543883
17.232157730539548 6.11357299976148
17.710306497632537 6.0786326566068425
18.19655948111693 6.0191528658448465
18.682812464601312 6.086409521537922
19.169065448085703 6.1980630823341425
19.655318431570095 6.371376072226786
20.106839059091314 6.605546116262641
20.727390485633293 7.031631904875484
21.16038718997416 7.5538255118653606
21.815960408779006 -7.829561191542579
22.237699564410754 -7.285617364110989
22.711765756329115 -6.9027139661478305
23.198018739813506 -6.535717361588995
23.673852016508945 -6.349630738787445
24.182102158770007 -6.185020431079584
24.65677769026668 -6.096049392999012
25.157654823630295 -6.061375100486755
25.629283657235455 -6.091235143279773
26.10816917127312 -6.195710942376026
26.63652198016741 -6.350019582033999
27.10166313943889 -6.6306271672530865
27.599555486418957 -6.9658942604964675
27.980792794297535 -7.330463139759823
28.004590890050075 0.10830712676141552
28.1068583826083 -0.7041570396140671
28.211055450497817 0.9296444511190209
28.301745491068317 -7.741430332619741
28.41944958627684 -1.2497085332025915
28.535224106154075 1.3740922819302472
28.847815309822607 -1.652126575238972
28.986744733675295 1.7369200636552833
29.32249084131928 -1.8917373386690688
29.472997717159686 1.9202318798878792
29.86663108474228 -2.003196477842012
29.95925070064407 1.9802248379276453
30.36098828461808 -1.9663952420074384
30.44550368412846 1.9168989377745635
30.839137051711063 -1.792665634350632
30.931756667612852 1.7174779013275785
31.313812583207728 -1.429985983386194
31.423798377091103 1.3318398341058852
31.679660066019792 -0.9161296330650739
31.75210183702869 0.888686295815333
31.88689645660005 -0.49656777003330355
31.908121785244205 0.38902272399344007
31.996882250483424 -0.02226738270254458
39.91585941008634 7.222942782180053
39.93901431406179 6.73709337832784
39.93901431406179 6.2178693994483005
39.93901431406179 5.7238656571040245
39.93901431406179 5.239842224754634
39.93901431406179 -8.05859680739229
39.94364529485688 7.547839859684071
39.94673261538694 -7.570814556992881
39.95059176604951 4.659202046837869
39.952245687762044 -1.9925195204227233
39.954450916712084 3.1940780825960893
39.95638049204337 -0.5123483251226215
39.95886137461217 4.104808788063497
39.96216921803724 3.781680050177121
39.96216921803724 2.0759411159994574
39.96216921803724 1.1950058956435328
39.96216921803724 -4.328883085218388
39.96216921803724 -5.295217468548506
39.96216921803724 -2.336768434350125
39.965063581034165 -2.823155786753963
39.968784904887364 0.1880106044661698
39.96988751936239 -1.2859596792855914
39.97760582068753 -6.763748796367457
40.00847902598813 2.790129771464411
40.00847902598813 -3.5680712727144215
40.00847902598813 -6.028835060380393
