8.194693459359007 -1.627306256319324
8.807245919073113 -1.60086763473719
9.409273422434739 -1.6063413512079148
10.01130092579636 -1.65838652420822
10.613328429157987 -1.6651165034755007
11.215355932519612 -1.6814180088118018
11.808584572370568 -1.7170828175633783
12.44973283730595 -1.7558181076533703
13.093218644928386 -1.7616692726967518
13.716085561867905 -1.8139986003772304
14.31811306522953 -1.8251404549419536
14.920140568591156 -1.8511630414421045
15.522168071952782 -1.820436720610969
16.12419557531441 -1.9236972624339135
16.740116021061304 -1.9712557825893615
17.340880529660623 -2.0345311836195155
17.97890338374772 -2.0573845617010758
18.552055359798793 -2.148179459771436
19.05792190900356 -2.2028767431200347
19.75951549945961 -2.292805581232157
20.431007714747572 -2.4441489924369595
21.033035218109198 -2.5543362011367545
21.635062721470824 -2.7069472050695342
22.23709022483245 -2.8774681437751557
22.839117728194076 -3.062112424685962
23.4411452315557 -3.2996856779908104
24.043172734917327 -3.5285865162133963
24.645200238278953 -3.8068635442055037
25.26029905840091 -4.16717056254147
25.769040041944407 -4.573023314760745
26.178054881453555 -4.780648238942041
26.393395488425213 -5.32765461924752
26.547433903576987 -5.7525773195876315
26.625194401244173 -6.301030927835052
